  File: test_dir_del
  Size: 4096      	Blocks: 0          IO Block: 4096   directory
Device: 2h/2d	Inode: 164662861375737855  Links: 1
Access: (0755/drwxr-xr-x)  Uid: ( 1000/  diss03)   Gid: ( 1000/  diss03)
Access: 2023-02-23 10:39:43.668229100 +0300
Modify: 2023-02-23 10:39:43.668229100 +0300
Change: 2023-02-23 10:39:43.668229100 +0300
 Birth: -
